24a970 23 30 
29106c 0 674 
29850c 689 536 
24a930 19 34 
250420 0 122 
28fe0c 10 44 
28fe9c 48 5 
250cb8 33 7054 
2509dc 51 2 
275734 52 501 
24fb18 422 150 
275888 594 417 
249f08 74 1 
1b242c 151 4 
291740 5 1 
247db8 29 648 
277f4c 3 34094 
275548 12429 8 
291de4 1 1 
247de0 2 675 
250510 50 72 
2757e0 29 258 
290518 652 59 
1b86b0 2 55 
250454 49 0 
2752f0 11486 951 
2911c8 76 25 
2753dc 9811 1018 
2759b8 53 0 
247cb8 3 1060 
2759b4 0 572 
275268 144 1956 
2759b0 0 606 
25e070 11160 1155 
22e98 21 31 
248dc 26 62 
250350 0 502 
24f854 12278 159 
25e08c 48 43 
dde3c 6 0 
275bf8 776 2194 
24900 11 11 
2912cc 0 2 
247b70 9 169 
247b74 2 2787 
2758bc 303 485 
2506d4 4 49 
29df3c 0 2 
293600 34 650 
336ac 43 38355 
275b44 247 63 
2752a4 683 415 
24a044 0 53 
247b7c 0 447 
250aa0 5 48 
28fde4 1 5 
298d04 228 489 
24f85c 74 20544 
247c00 786 277 
2503a4 32 21 
250bc4 17537 487 
250678 18 31 
275768 9 544 
24a8a8 3 205 
23f10c 136 19 
250970 0 53 
24c68 20 46 
29192c 1 1 
25e328 19 14 
24fa4c 390 4233 
24faa0 0 572 
dfa88 0 6 
35b8c 617 7 
249ff8 1 21 
275844 1913 4103 
24f9bc 597 7395 
24f6a0 0 53 
277d50 19409 14688 
290574 0 80 
24d074 223 279 
250418 1 121 
db6d4 19 3 
1b2418 147 92 
25e350 0 6 
298438 208 1017 
250afc 1 32 
24ff30 0 21 
2753bc 84 426 
24fa44 13 30866 
33670 11144 37782 
274f00 0 142 
29121c 48 0 
28fe38 0 60 
33694 10371 28027 
2508bc 0 53 
275b24 0 53 
275a44 52 1 
dfa98 1 5 
25e0fc 3 3 
25073c 0 53 
1b86a8 0 53 
2917f0 78 17 
dcc20 21 1 
2508b4 0 20 
250dd8 10537 7096 
2508b0 0 33 
29173c 4 0 
250dd0 19 17614 
250c50 3531 7406 
248e60 13 252 
249ef0 23 52 
27593c 18 3524 
291b20 0 4 
24f788 2 51 
23f2d0 4 151 
250b14 0 20 
274eb0 186 498 
2433f4 0 53 
24f820 1053 10221 
291460 0 5 
247c44 18 1045 
293654 0 684 
24a8dc 7 148 
24fa7c 12 1725 
291a64 0 2 
250d94 14271 6206 
24fe94 0 239 
24fa8c 2998 14108 
25e1e0 0 84 
293620 568 116 
29837c 0 1225 
1b23e0 268 126 
25093c 11 42 
24fb78 696 25763 
24fa74 0 4623 
24f9f0 184 12576 
36b48 137 87 
24f9f8 34 17057 
2507ac 30 23 
24a8d4 8 147 
2f6ac 11 11 
24fa84 1024 16082 
25074c 46 7 
24fe9c 73 166 
25002c 45 133 
29151c 0 6 
24f6b8 93 21 
1b869c 1 32 
24f5fc 109 1 
298518 494 394 
24fa14 2878 24385 
2506dc 16 37 
27f98 93 29 
23f1c0 72 83 
24d0e0 2 35 
25e220 11956 358 
2504f0 8 114 
24d0e8 399 103 
250440 55 67 
25df38 3227 9087 
250d50 19934 684 
2433bc 47 6 
25036c 0 306 
275270 303 303 
2508f0 6 47 
29117c 2 4 
275378 136 1472 
247d30 204 4 
2914d4 5 11 
ff0fe0 0 826 
1b8680 1 4973 
2911bc 0 6 
ddf38 1 5 
27fdc 26 62 
1b8688 1481 3451 
275380 289 221 
293ce0 659 52 
291554 1 7 
2984d8 349 1008 
db678 0 6 
2f6bc 15 7 
296204 0 2 
24fb3c 210 362 
2910fc 40 112 
247eb8 124 115 
24fd10 32 21 
df278 1 5 
2752b8 1362 11075 
250068 96 249 
2bc40 0 6 
1b8634 1 21815 
250708 41 12 
250e0c 26 115 
29122c 5 0 
29155c 1 1 
2910f0 3 149 
246e0 85 3 
275754 84 469 
29620c 0 2 
db67c 22 0 
24c80 0 66 
1b863c 10652 12623 
2e9dc 39 27 
249f78 0 22 
275858 411 1249 
2752bc 444 5071 
277ef4 1043 2367 
247e70 10019 1158 
2492a8 4348 12743 
29165c 0 6 
250018 72 178 
24fa20 17007 43 
28ff30 18 35 
1b24cc 280 114 
298cac 3029 8148 
36c30 0 110 
250eb8 27 525 
35b6c 610 14 
24a914 51 2 
25df74 3294 9020 
24734 49 39 
78e84 1 21 
275a7c 367 205 
12954 0 66 
24f5b0 421 44 
ff0fa0 44 3770 
24ff18 0 21 
275ae0 118 401 
db948 19 3 
23f208 69 86 
24ff0c 3 236 
291d74 0 2 
24d0f8 0 7 
293d48 351 360 
250358 139 363 
250838 0 33 
275b14 4 49 
25077c 11 42 
294440 48 94 
275a98 19 500 
1b85c4 4 6153 
291344 0 2 
db7a4 1 21 
250c68 6572 1686 
275320 1037 11400 
250c64 266 1582 
291260 98 3 
2914a8 1 15 
250b08 0 33 
24fe8c 2104 689 
29468c 43 86 
25005c 20 156 
250a64 0 57 
274ec8 1 683 
27581c 1226 7939 
298c70 10744 433 
248f0 21 31 
250900 10 43 
247e4c 0 11176 
2944c4 62 80 
2492d4 5461 6481 
24f614 86 28 
247bc8 92 8733 
2753e0 1363 245 
2b8ec8 1 1 
250e5c 15 2438 
2913c8 83 5 
291664 0 6 
25e1d4 2 76 
29129c 17 37 
29defc 0 2 
250ac8 44 593 
dfa70 1 5 
291668 5 1 
248e88 0 53 
250058 76 44 
24f720 276 231 
24f83c 2218 15734 
23f2b0 45 110 
294684 0 13 
275c24 74 2896 
2757c0 233 3984 
2983f0 12 381 
36b70 53 57 
24f72c 0 110 
1b247c 19 136 
24fac0 30 542 
250c88 345 9761 
24fff8 177 0 
28ff5c 14 46 
275564 0 12437 
24feb0 112 127 
291168 14 47 
36bec 86 24 
298414 25 1200 
24f6cc 48 62 
250470 44 78 
28fe58 0 1 
25e238 36 49 
27571c 379 780 
2918cc 0 2 
27fc8 53 35 
274f7c 1454 28935 
298cf4 304 4448 
2759d0 0 53 
2915fc 1 0 
2757ec 139 201 
2503e0 52 1 
275d94 459 11777 
23f1e8 54 101 
250504 0 122 
dbc04 1 21 
29440c 139 3 
250378 5 460 
25e150 6 0 
24f870 24756 8303 
24fe4c 2756 42 
294698 0 129 
25009c 85 93 
275918 1618 1924 
250a2c 22 35 
25e01c 75 16 
250390 1 52 
1b8650 344 1933 
275c08 1959 1011 
250e68 37 2416 
1b8658 1727 5796 
250f84 387 4 
250c34 0 7087 
24344c 0 53 
291548 8 126 
2495c 2 64 
250094 2 7 
2752c4 17270 682 
247b5c 0 1958 
24f804 29655 1205 
250300 3846 8591 
2944f4 141 1 
2983b0 596 629 
1b207c 52 58 
36b38 2 222 
78c54 22 0 
29043c 709 2 
250fa8 13 378 
250954 0 53 
248ec8 29 189 
2803c 3 85 
248ec4 29 215 
2bc68 0 22 
275828 3242 2774 
291580 4 2 
250850 0 33 
250cac 78 10028 
277ee8 28170 2517 
250ad4 0 52 
25ddb8 83 8 
24d118 0 7 
24fa3c 203 27060 
25e264 1 5 
2904dc 0 711 
25e340 2 4 
298350 74 1151 
25e270 55 3 
25e274 31 2 
dde08 5 1 
36ba4 18 92 
275740 38 515 
250ca4 1 10105 
25e260 1 51 
2751f8 11257 6695 
2758ec 77 210 
250c7c 92 6995 
24ffc8 301 196 
1b2404 209 30 
275ad0 309 210 
250f78 2 389 
249fec 1 21 
275a68 17 555 
250eac 2 2451 
247b94 97 734 
275a64 0 53 
290fe4 792 34 
2504d8 69 53 
22e44 40 12 
243434 35 18 
2508d4 8 147 
275da8 283 3252 
1da30 22 100 
2508d8 28 25 
ddeb0 5 1 
294474 1 141 
2506f8 5 48 
275314 0 12437 
275250 437 6686 
247e58 11 11165 
2503b8 42 11 
250344 7 499 
25e010 11300 923 
24f8b4 933 804 
247a1c 4684 7555 
274ed8 136 6 
2936a4 1 683 
28fec8 0 11 
24aae8 165 59 
275c34 8 231 
2944b8 2 140 
298384 10 1215 
24a894 51 157 
293670 128 556 
277f3c 10195 23902 
27577c 7899 1606 
250c9c 3 1845 
2910cc 0 674 
2bb9c 25 3 
24fe78 2583 215 
250df0 36 912 
250980 28 25 
250df8 2 139 
36b64 1 223 
25e2e0 90 1 
275778 0 553 
25065c 128 178 
250e3c 0 136 
247c2c 26 1037 
250960 0 53 
24f9d0 885 16206 
25e338 0 33 
24c70 0 66 
250e80 194 2259 
298d1c 6635 2322 
1b20f0 0 110 
250c94 0 10106 
24f69c 166 246 
249f8c 41 34 
dd194 8 14 
274f84 9030 1309 
2757b8 783 7964 
2916a8 4 6 
df28c 4 2 
27535c 1450 158 
24d094 8 29 
24f9c8 688 10148 
2509c0 47 6 
23f1a0 152 3 
28fd9c 6 0 
24d098 15 487 
24fa54 4471 152 
24ff28 0 239 
df284 0 6 
275420 0 12437 
27bac0 0 826 
ff0fc0 18 3796 
25e020 1 0 
27fbc 0 88 
275a54 0 53 
290554 0 711 
24f8e0 5729 428 
2919f8 0 2 
250688 1 3 
24fc10 0 1737 
36b9c 1 109 
1b246c 46 109 
25088c 1 32 
25092c 15 38 
291dc4 0 2 
2983cc 245 980 
db618 22 0 
275224 1186 16766 
275b0c 0 53 
250c44 1096 9841 
248eb4 9 222 
249fbc 13 40 
24f790 2 108 
250088 0 5 
248e70 55 853 
24f798 107 3 
248e74 6 206 
250b20 2 2 
247e64 0 11177 
78d0c 21 1 
2914fc 6 3 
298d58 0 4348 
247c34 6 1057 
2bc6c 0 22 
36b24 94 130 
249fb0 22 53 
2500ec 3 126 
24fc28 8 1729 
2492c4 5362 6580 
2752dc 24 17928 
24fd44 8 45 
24ab28 2 222 
24faf4 490 82 
